2,589,3,956718757
2,3006,4,956709265
2,1407,3,956718919
2,2064,4,956719360
2,593,5,956718614
2,3015,3,956718970
2,903,5,956718658
2,904,5,956718658
2,905,3,956719121
2,908,4,956709265
2,909,4,956709950
2,3044,3,956718877
2,910,5,956719174
2,912,4,956709149
2,916,3,956719333
2,919,4,956709303
2,3051,3,956709701
2,921,3,956719240
2,923,4,956709173
2,924,5,956709701
2,926,5,956709701
2,928,5,956718700
2,2407,3,956801778
2,930,3,956718757
2,3068,4,956709587
2,931,4,956718797
2,933,4,956718700
2,949,4,956709983
2,955,3,956719206
2,959,4,956709830
2,3095,5,956709587
2,2439,3,956709983
2,965,3,956718700
2,968,4,956801840
2,2455,3,956801707
2,3424,3,956710037
2,235,3,956709983
2,247,4,956718797
2,2804,4,956709215
2,3467,4,956709701
2,3468,4,956709355
2,3469,4,956709327
2,3471,5,956801533
2,260,5,956801533
2,1882,1,956708997
2,2840,3,956718842
2,296,5,956709983
2,2858,4,956709215
2,2863,4,956719333
2,1127,4,956718919
2,1136,4,956719240
2,608,5,956709303
2,2890,2,956709629
2,2118,4,956718970
2,1172,5,956719383
2,2132,3,956709215
2,1193,4,956709215
2,3101,4,956718877
2,2160,5,956718877
2,3114,4,956719174
2,2176,2,956718732
2,2178,4,956718943
2,2181,3,956719016
2,2183,3,956718797
2,2186,4,956718700
2,3132,4,956719360
2,3147,3,956709914
2,3148,4,956709118
2,3152,5,956709830
2,2501,4,956709469
2,3175,4,956801707
2,1573,3,956719042
2,2527,5,956801812
2,2529,3,956801666
2,1584,4,956801746
2,3196,4,956709265
2,3504,4,956709469
2,3505,4,956718821
2,3508,3,956708997
2,1909,3,956719016
2,2571,2,956718919
2,3526,4,956709741
2,318,5,956709215
2,319,5,956718943
2,1938,4,956709393
2,1939,4,956709741
2,2599,4,956719269
2,3543,3,956709149
2,1940,4,956709629
2,1941,4,956709629
2,1945,4,956709355
2,1949,3,956709393
2,17,4,956709701
2,1950,3,956709741
2,1952,4,956709741
2,1953,4,956709914
2,1956,4,956710037
2,1963,3,956719333
2,32,3,956801666
2,34,3,956719206
2,2915,2,956719301
2,2919,3,956709629
2,47,4,956718877
2,50,4,956718614
2,377,3,956719042
2,1994,4,956718919
2,1200,4,956801666
2,1203,4,956709469
2,1207,5,956709303
2,1208,5,956709587
2,1210,4,956801707
2,1213,3,956709701
2,1214,5,956718700
2,1219,5,956718658
2,1221,5,956709149
2,1225,5,956709265
2,1230,5,956719097
2,1231,4,956709393
2,1233,3,956709534
2,2973,5,956719150
2,1234,3,956719206
2,1235,1,956719150
2,702,2,956708997
2,1237,3,956709355
2,1240,4,956718700
2,1244,3,956719121
2,1248,3,956718658
2,1249,3,956718700
2,1250,3,956709215
2,1252,3,956718614
2,1253,5,956801620
2,2997,4,956719269
2,1259,4,956709701
2,2208,2,956718700
2,1267,5,956708997
2,1269,4,956718732
2,1270,3,956719269
2,1276,5,956709469
2,750,5,956801533
2,1288,5,956709875
2,2238,3,956709914
2,2239,3,956719240
2,1293,3,956709629
2,1294,5,956719383
2,1299,3,956709265
2,2243,3,956719269
2,3201,4,956710012
2,3204,3,956718842
2,1610,3,956718919
2,1617,3,956718614
2,2287,4,956801666
2,2288,4,956801666
2,2289,3,956709534
2,3230,3,956718821
2,1653,3,956801746
2,3270,2,956709534
2,1674,4,956709914
2,2640,4,956801778
2,2641,4,956801812
2,2662,5,956801666
2,435,3,956801840
2,454,4,956719042
2,457,4,956718797
2,1304,3,956719240
2,1307,4,956719360
2,1343,2,956719016
2,1344,4,956718797
2,1358,3,956718732
2,2303,3,956709875
2,837,3,956719333
2,2324,4,956709469
2,858,5,956709118
2,1394,2,956719206
2,2353,3,956718919
2,2361,2,956719301
2,2363,2,956801778
2,898,4,956719301
2,111,5,956709629
2,3330,5,956709534
2,3334,3,956718797
2,1732,4,956719016
2,2396,4,956719240
2,3359,4,956709393
2,3362,3,956709469
2,3363,5,956710012
2,3379,5,956709950
2,2728,3,956709393
2,198,3,956801707
2,1019,3,956801812
2,2762,4,956718658
2,527,5,956709215
2,2010,3,956801533
2,541,3,956801533
2,1077,4,956719150
2,2028,4,956708997
2,1080,4,956719097
2,1086,4,956718757
2,1089,3,956718797
2,562,4,956709118
2,1097,5,956709587
