4,588,4,956705950
4,2067,4,956705178
4,1416,4,956706075
4,3022,4,956705281
4,3028,3,956705749
4,2080,4,956706051
4,2083,3,956705989
4,2087,3,956705872
4,3035,4,956705545
4,3037,5,956705679
4,900,3,956705907
4,901,4,956706019
4,903,5,956706148
4,904,5,956706148
4,906,4,956706201
4,2096,4,956706019
4,907,4,956705486
4,909,3,956705564
4,911,4,956705636
4,912,4,956758029
4,913,5,956706148
4,914,4,956705872
4,915,4,956705733
4,916,5,956705703
4,918,5,956705907
4,919,4,956705872
4,922,5,956758029
4,923,4,956706538
4,924,4,956705811
4,926,5,956706324
4,930,4,956705202
4,933,4,956705470
4,935,3,956705508
4,938,4,956706019
4,2414,3,956706233
4,3072,3,956705470
4,942,4,956706201
4,945,4,956705653
4,947,3,956705281
4,950,4,956706182
4,3088,5,956705281
4,951,4,956705441
4,952,4,956705679
4,955,4,956705351
4,963,3,956705950
4,3421,2,956705323
4,2804,4,956705323
4,3471,4,956705790
4,260,5,956705790
4,282,4,956705158
4,2857,4,956705989
4,2863,3,956705416
4,1125,5,956705718
4,1148,4,956758002
4,1188,4,956705679
4,661,3,956706019
4,1197,4,956705416
4,2174,3,956705636
4,3133,3,956705281
4,3175,4,956705508
4,2565,3,956705872
4,1934,5,956705636
4,3545,4,956705872
4,3548,4,956705416
4,3549,4,956705950
4,1947,4,956705950
4,1951,4,956705950
4,1964,4,956706182
4,364,5,956705950
4,48,3,956706095
4,1204,5,956758029
4,2946,3,956705989
4,1210,5,956705811
4,1211,4,956705441
4,1212,5,956706148
4,1220,3,956705989
4,1223,4,956705441
4,1237,5,956706505
4,1244,2,956705351
4,1252,4,956706538
4,1254,4,956758029
4,2206,4,956706182
4,2208,4,956706182
4,1265,3,956705564
4,1269,3,956705323
4,1270,4,956705545
4,1276,4,956705351
4,1282,3,956705907
4,750,4,956705790
4,1284,5,956706148
4,1294,3,956705300
4,783,2,956706051
4,2289,4,956705703
4,1641,4,956705749
4,2622,3,956705351
4,1680,4,956706298
4,2671,2,956705508
4,471,3,956705679
4,1304,4,956705508
4,1380,4,956705989
4,858,4,956757973
4,899,5,956705907
4,107,3,956705989
4,111,4,956705158
4,2396,5,956705395
4,3363,5,956705545
4,3396,4,956705581
4,2746,4,956705654
4,199,4,956706075
4,1014,3,956705545
4,1022,4,956705907
4,1028,4,956705395
4,2791,4,956705371
4,1066,3,956705470
4,2019,4,956706538
4,1078,4,956705545
4,1081,4,956705989
4,1083,3,956706051
4,1086,4,956706182
4,1088,4,956706019
4,1097,4,956705811
